77
59
55
73
57
53
2
13
8
29
4
26
27
81
41
2
45
71
75
76
59
27
38
51
58
43
60
36
44
72
24
42
60
57
64
38
60
13
26
52
46
53
35
68
71
5
34
51
41
61
71
73
37
41
39
36
42
49
50
30
2
44
64
54
46
77
67
65
79
38
45
14
69
31
20
48
76
5
28
80
37
66
50
83
35
19
22
32
55
48
85
29
61
36
68
4
17
44
31
40
83
21
30
63
9
27
79
40
24
48
11
23
26
27
35
25
55
65
79
86
37
52
39
9
17
43
43
27
12
43
29
43
50
13
34
40
38
53
32
16
46
31
69
44
60
25
4
19
43
10
12
21
52
37
49
14
24
42
9
17
87
13
38
51
60
66
40
59
38
25
54
3
34
47
11
52
37
59
49
29
51
36
48
33
38
61
64
31
49
43
81
78
27
37
60
24
33
77
41
57
35
37
77
38
48
65
60
68
58
51
58
35
55
38
74
8
12
84
45
73
54
63
64
39
64
29
16
22
33
50
18
59
69
57
31
34
37
1
10
75
20
43
51
70
60
73
74
31
3
6
53
45
47
67
37
56
59
60
11
29
31
9
15
31
12
19
46
55
4
43
78
63
28
78
30
77
38
5
45
21
49
1
22
24
31
71
72
20
61
37
83
55
56
62
86
38
52
71
27
49
30
32
34
19
61
49
26
65
81
38
21
45
14
25
7
12
25
82
23
52
63
65
28
36
29
29
65
54
64
25
59
34
46
72
13
60
27
32
49
43
52
20
10
49
76
43
32
51
26
58
20
50
26
35
29
37
29
50
69
31
57
42
51
59
87
80
40
39
2
41
75
28
30
44
50
12
19
47
45
33
39
42
43
61
33
41
79
22
32
34
63
1
6
7
72
80
84
20
21
22
23
37
12
69
44
23
47
60
62
46
0
40
32
25
2
81
73
11
28
34
44
56
4
60
54
8
56
